2.126978661352350308e-01 9.828944743313503540e-01
8.537579641353127968e-01 5.231400508007614247e-01
1.888303471147422252e-01 9.876421489252688035e-01
7.151655784222513690e-01 7.016100726142133759e-01
8.082713942861969869e-01 5.909856515937765842e-01
2.412891793478357805e-01 9.737773808767656858e-01
2.309651633684204064e-01 9.780036345347912219e-01
8.071018071787338100e-01 5.928394342911759152e-01
6.032505705980717448e-01 7.976607904376179503e-01
3.211602457554711965e-01 9.492914009468328418e-01
8.119364133947664097e-01 5.848207166823004011e-01
8.186337376042313041e-01 5.770517299617147211e-01
8.067385830306443850e-01 5.933703994080373745e-01
5.956724114384921442e-01 8.037542957813559319e-01
8.043491485282611153e-01 5.951424681550127049e-01
7.133066442111392069e-01 7.017333253514306257e-01
5.982080340021312947e-01 8.018068795019203110e-01
1.012779625123187976e+00 6.388874547391842906e-02
7.125374866695222131e-01 7.018178648363385674e-01
6.106669980984229529e-01 7.920455727653951117e-01
8.046740840110870874e-01 5.947364488997829435e-01
5.950160983982323293e-01 8.044600494293381310e-01
7.970969119457028962e-02 1.001758796499233828e+00
1.022453588996997231e+00 0.000000000000000000e+00
8.079446773065894760e-01 5.919610203024620043e-01
9.991201273311937081e-01 1.138537828272507546e-01
6.029371770708412681e-01 7.986952064220810277e-01
8.178390222333952186e-01 5.786777423342445159e-01
8.066217336728868093e-01 5.934429493330952710e-01
3.688967988483939919e-01 9.311650712093160198e-01
2.688517406251419439e-01 9.661178072901813740e-01
6.226964738948483902e-01 7.837630792425682724e-01
9.218559965641734966e-01 3.973527607914975612e-01
7.121036390952755202e-01 7.023826164160067442e-01
9.360503705489430226e-01 3.672325484325487666e-01
9.551691653406664262e-01 3.121156070901796586e-01
6.115367710582523264e-01 7.914223096791964673e-01
2.667738174103095328e-01 9.667253107648861032e-01
9.925771802653741149e-01 1.692361416170257149e-01
4.266294661991840709e-01 9.059524725207391826e-01
6.002120229041854049e-01 8.000560110530154923e-01
8.062468945022612798e-01 5.940494152386708304e-01
9.693968583654555271e-01 2.627911676233006255e-01
8.589719046298142091e-01 5.169845419927161512e-01
2.891676582436129572e-01 9.605773924059282098e-01
4.121091933605922630e-01 9.123459739744409491e-01
4.040270815347462019e-01 9.161044963053066592e-01
7.115988141197481243e-01 7.028135031292639390e-01
6.104169921864230908e-01 7.924277189460126047e-01
3.279566211205052206e-01 9.484154261852302259e-01
9.626985030294294976e-01 2.833865573387058800e-01
8.178935710880199661e-01 5.775754409361819608e-01
4.118102453432573862e-01 9.131521042787302811e-01
8.142120630367754019e-01 5.836788353215969227e-01
9.517018297797076309e-01 3.216909161374034709e-01
4.262212273321326350e-01 9.071507772752888110e-01
9.599554740767175520e-01 2.949226843672758114e-01
6.065381130024751766e-01 7.956450986912743106e-01
8.850625800584476233e-01 4.707531381650828517e-01
9.427347239055228201e-01 3.457391082741670396e-01
2.829642696287890669e-01 9.613077777691133585e-01
8.007423028246625218e-01 5.997778030395208848e-01
7.153678621429195861e-01 6.991605142448430454e-01
8.261573648621640675e-01 5.651351994085850317e-01
2.799555538847182667e-01 9.616954949336834479e-01
9.627563432865431092e-02 9.999126663075545984e-01
1.251327252085661368e-01 9.968357949078315849e-01
8.349968553428082085e-01 5.536256929585463560e-01
6.163168199189673251e-17 1.006521750349686384e+00
9.735569366172573957e-01 2.618833988582367489e-01
6.078021713219793343e-01 7.945112550831746612e-01
9.616720712247206482e-01 2.866830906674560087e-01
2.924668594942314570e-01 9.582481804624118915e-01
8.157493432621229501e-02 1.001529461882312511e+00
5.972451123043577281e-01 8.027695379113067853e-01
5.880185012226800678e-01 8.096228761697308318e-01
9.260835539957703588e-01 3.880095689726364983e-01
9.371264773229790457e-01 3.574556656446737368e-01
4.090900686784764706e-01 9.140892542658867193e-01
2.535443551782698424e-01 9.710692231730773116e-01
4.097493550554749397e-01 9.133599314795067814e-01
8.393338063135734606e-01 5.457303632350422040e-01
9.300021403101461637e-01 3.783965760165079462e-01
3.315184999411400768e-01 9.452937678470012539e-01
3.845364034008371124e-01 9.242855458213795616e-01
9.089098131959391091e-01 4.227018554044491006e-01
7.110479283104126358e-01 7.037084745538056962e-01
3.838112385658713488e-01 9.253520081679035281e-01
2.674614135527796921e-01 9.662505516409160000e-01
9.019755071895216858e-01 4.360553403767782332e-01
8.801582278495562184e-01 4.804904426664070027e-01
4.160476753768677649e-01 9.104254308426202869e-01
8.858315299392682807e-01 4.680518109442632357e-01
9.068254401769028084e-01 4.282959355474881824e-01
8.586616985753831033e-01 5.172311106706370953e-01
5.186818310860122905e-01 8.557967821663909902e-01
4.814125531685353732e-01 8.775100406215167181e-01
9.303130987977054067e-01 3.776862027238180874e-01
7.466460815164264186e-01 6.656832191223943651e-01
8.733658914328662481e-01 4.887434592035578840e-01
3.729676751997926809e-01 9.298717553402444658e-01
4.784450479366063047e-01 8.791423486693199507e-01
8.388524775734188532e-01 5.479240286590624232e-01
2.026546226416890695e-01 9.843458487594828332e-01
9.291784614629277073e-01 3.814118350358782217e-01
8.807336247935754203e-01 4.783794296868034146e-01
9.274993929361219358e-01 3.823279091357097426e-01
2.641656882502947390e-01 9.683591305928388460e-01
5.958499608476766074e-01 8.035452106576662645e-01
5.979661440209130818e-01 8.020313189540383414e-01
9.330321505647031222e-01 3.775543614194896702e-01
9.894305782196630705e-01 1.797568232148224476e-01
6.031521488049788049e-01 7.981306957287822579e-01
8.291561561194321639e-01 5.610536201588424143e-01
6.038465644736843441e-01 7.972959358699530652e-01
8.152210052558294118e-01 5.805295330518466246e-01
4.131330709421454084e-01 9.121908044578378449e-01
5.313768318445136751e-01 8.477135004153696363e-01
1.004256458623527415e+00 1.073766438324338934e-01
9.501928426203206657e-01 3.233069151686220888e-01
7.702841890740335096e-01 6.385881977724112701e-01
8.171032475181478905e-01 5.787270201675752679e-01
8.428334520912337258e-01 5.401104575525634832e-01
7.690110526134943947e-02 1.003223376397988531e+00
9.463930700667700924e-01 3.349433687005280436e-01
9.240563332129042573e-01 3.904870510505720205e-01
5.551515367723468541e-01 8.325046520649317383e-01
9.869779039510520047e-01 1.906224465071845731e-01
6.463424071557635209e-01 7.634027297322396599e-01
2.352701820209886219e-01 9.756091591760993609e-01
9.834358435013330624e-01 2.103974239787121392e-01
9.866097137537825912e-01 2.017964020518231705e-01
6.115217878635845761e-01 7.916916519336339997e-01
5.780497859183483245e-01 8.166176883223478233e-01
5.038108388586185482e-01 8.645576145077160657e-01
8.617979907363987335e-01 5.094620671101676157e-01
4.334334961696941768e-01 9.026955526224407222e-01
7.986452746320580331e-01 6.031864332149629027e-01
4.493620110746640028e-01 8.946035361471327274e-01
4.834951598886195190e-01 8.763534964236238123e-01
5.498449136307141938e-01 8.354730981458622363e-01
8.132933069118053471e-01 5.837624385008838290e-01
5.212408374198219674e-01 8.539840973303638449e-01
1.920751759518471991e-01 9.851064937124485166e-01
4.572101449606807422e-01 8.908307306153188110e-01
8.307031643967867085e-01 5.590496001821571026e-01
6.466540753500712446e-01 7.630583847016900734e-01
5.892294018051228432e-01 8.083064067075595993e-01
1.478181253510504889e-01 9.935859988285483668e-01
8.514973223935082824e-01 5.265382961141081841e-01
3.668501079178744240e-01 9.318199032031694307e-01
7.359973385061487905e-01 6.773567102239453908e-01
7.688981811477804129e-01 6.411925823418467285e-01
3.994210388696936564e-01 9.186086571227755071e-01
1.904637136805746311e-01 9.855182413171817979e-01
2.798884942825202726e-01 9.627528332348711526e-01
7.259642936270913616e-01 6.884958183250580177e-01
7.774472120852858881e-01 6.300510301073863895e-01
3.602240605654609129e-01 9.343783796229883087e-01
1.714799490915822622e-01 9.897377415015329305e-01
7.953602674498777558e-01 6.076882264829269742e-01
6.884531668357287693e-01 7.259895648246250666e-01
8.880972099272232967e-01 4.638607352648346782e-01
6.888251934371263374e-01 7.255324417191145736e-01
8.855448488580233146e-01 4.706690141891212709e-01
5.177128844334414337e-01 8.564771332588186903e-01
4.191986948743551822e-01 9.094188093740268597e-01
6.565191262093675872e-01 7.555144052019084899e-01
6.270300428601115472e-01 7.791981819904687523e-01
4.655819397063085119e-01 8.856490409642062689e-01
5.972578645048085555e-01 8.024999835272211834e-01
9.599461956285454400e-01 3.016056541403011049e-01
1.406100015757821564e-01 9.941910850772502917e-01
9.542333950626112893e-01 3.192378738398932159e-01
7.204653247617384126e-01 6.941660095859655266e-01
8.080739220160508829e-01 5.918217306721796911e-01
8.192925355383933184e-01 5.750768661564670259e-01
3.637565586190015243e-01 9.328537718079135121e-01
9.187796821621995180e-01 4.027340108742764047e-01
8.503743429896952755e-01 5.290565112213917454e-01
3.822784357946711897e-01 9.255694459056518220e-01
4.291054936182662760e-01 9.044553753324421352e-01
2.987878473088279030e-01 9.566563704082435837e-01
3.027363982513053275e-01 9.557431586296688542e-01
4.616110569337630309e-01 8.875787550662185277e-01
8.030078334250901895e-01 5.969447115013504224e-01
8.920981516095342068e-01 4.556161096432050361e-01
5.108230699851393775e-01 8.605201008544012264e-01
8.396423948869062848e-01 5.453723492117730220e-01
6.770359503944189949e-01 7.368748985430245702e-01
5.019711312048364960e-01 8.651232682210096003e-01
8.948052296201536304e-01 4.531145280800776276e-01
3.809885219960427727e-01 9.262403533450090931e-01
4.817545908410477695e-01 8.769124128221813530e-01
9.136395534794864437e-01 4.146575954898934491e-01
3.855003940122518347e-01 9.237895992226602404e-01
5.043669269349521089e-01 8.643377225656336815e-01
8.221457823136000265e-01 5.726643217809270769e-01
8.057860582499350999e-01 5.942527673509132580e-01
5.138087550847741936e-01 8.583295117780167516e-01
6.463091855065291602e-01 7.635810191282473847e-01
9.058444255676477708e-01 4.296864169430736347e-01
8.973072493587861409e-01 4.476382372486526484e-01
4.232088069221971449e-01 9.075593917299070723e-01
7.196572684116093743e-01 6.947838055579815819e-01
7.584937012327566119e-01 6.530183394394296625e-01
5.524720785329708672e-01 8.341613767395318346e-01
8.226608011020551947e-01 5.717268994928272896e-01
4.803553736696644094e-01 8.775234836063187105e-01
5.993184453868427575e-01 8.007308710146113784e-01
8.104125692830234096e-01 5.886053625908893583e-01
4.791371349344816788e-01 8.782431895583936443e-01
4.626918672009874278e-01 8.874869133030768298e-01
8.898110963570298182e-01 4.611042093499930217e-01
8.559598416738529725e-01 5.202893326390974904e-01
7.814232398143566849e-01 6.263665322514264666e-01
6.237133181640780455e-01 7.821821903394069464e-01
6.578873361663705177e-01 7.532887585518518447e-01
6.639607961182161233e-01 7.484177898004172880e-01
4.268786071563041573e-01 9.056398556232053698e-01
5.697172041308050661e-01 8.225640729645583571e-01
5.436800816924372004e-01 8.398715425186986661e-01
5.355215195108075088e-01 8.447940561696911654e-01
7.545165413856312897e-01 6.567126346436739093e-01
8.081696361025219044e-01 5.915373901500572407e-01
3.586235945921835699e-01 9.355155984000833591e-01
2.328078325025989270e-01 9.765075590363144764e-01
6.094170532493051740e-01 7.930102312970379597e-01
9.361248841674832954e-01 3.623157913683990317e-01
6.312109666912386619e-01 7.760732446894390568e-01
9.763350493780194039e-01 2.389447626311080319e-01
7.106367332325657094e-01 7.037348303744059841e-01
5.964187599595520695e-01 8.033582034168363917e-01
7.106130568082843491e-01 7.041054085520891404e-01
3.136388951877754350e-01 9.518291133209967336e-01
5.160571191675378255e-01 8.574369686943728031e-01
5.669161759938684542e-01 8.239907846525517110e-01
5.330379559303850545e-01 8.463517297286645702e-01
8.679370648756495887e-01 5.003744627865810424e-01
5.443841318495413750e-01 8.392089021571854657e-01
8.425208367656834563e-01 5.409652970451361842e-01
5.043323636166568980e-01 8.643791845869419621e-01
7.872182469906107150e-01 6.180968857271690320e-01
1.889398859511521311e-01 9.869648335766127989e-01
9.334639280155423435e-01 3.704777245587895784e-01
6.662015347682438415e-01 7.462388926773875220e-01
8.562136613916160321e-01 5.201908180482510691e-01
6.499624785865029120e-01 7.600957959547249843e-01
1.985577633073644654e-01 9.845228378755801479e-01
6.750172865738981454e-01 7.385375904822913951e-01
6.044456886809532747e-01 7.968810113539386286e-01
4.583134171569263615e-01 8.896870089755030131e-01
9.145503944269849361e-01 4.104742906898529720e-01
7.501938077708256714e-01 6.616276001331572454e-01
3.761086452876664654e-01 9.281306546977708960e-01
7.918684844714438675e-01 6.119241980529205316e-01
8.446832877153689356e-01 5.380341424114790660e-01
6.054961581637392509e-01 7.960471028465908594e-01
5.655832468911853317e-01 8.250747532071111001e-01
7.536273040330304651e-01 6.579900484960471418e-01
7.766694695631471967e-01 6.308829139822869081e-01
2.208622075153973130e-01 9.784543619220656963e-01
9.393903408887382955e-01 3.534513929727710613e-01
6.588160230781063831e-01 7.532220374276763497e-01
5.515008734667423695e-01 8.346169561540075499e-01
3.816566452796711362e-01 9.256805110256640656e-01
7.902246830678083533e-01 6.144658942022962478e-01
6.142033054885289722e-01 7.893255012255481207e-01
3.532921134401975638e-01 9.378028864955618715e-01
7.334233338202031938e-01 6.805229848459684039e-01
4.752200887379864347e-01 8.810747998671324410e-01
2.451432469329352659e-01 9.727905763511490722e-01
7.998754315900518108e-01 6.010784037109500044e-01
3.948860405051473621e-01 9.201501507666000057e-01
5.073198734126043163e-01 8.623268554127564434e-01
7.093872203128118725e-01 7.052120333357529969e-01
2.607349112338089303e-01 9.684581356168689981e-01
4.322478920492101029e-01 9.034861171934758239e-01
8.505502280914840618e-01 5.286746780392456158e-01
8.787928765435121248e-01 4.825620489315574635e-01
3.619041535996302961e-01 9.340167268500843001e-01
6.752905673726465885e-01 7.378643317711931493e-01
4.359500955788859211e-01 9.011640132850797791e-01
6.877701901514966520e-01 7.265433868579513899e-01
8.694273202957507607e-01 4.979291803243817705e-01
6.373779691738941100e-01 7.707483330830576795e-01
3.562630413109110772e-01 9.362803659986992377e-01
2.196229944726255934e-01 9.791259725786201074e-01
8.710781201795784190e-01 4.936950704122545219e-01
5.165139429181657693e-01 8.569018088610206307e-01
7.783207056215076802e-01 6.288889795850128861e-01
8.617871358711014507e-01 5.104520284446985023e-01
7.353345817985835753e-01 6.785614624056224287e-01
5.199805110893161997e-01 8.548834310982168505e-01
6.708435930190813634e-01 7.418681290070159307e-01
7.562959024626898508e-01 6.550576375523995409e-01
9.150290000283793912e-01 4.094421500113771262e-01
7.642833674331994676e-01 6.461765489988751110e-01
1.767033601164869072e-01 9.881465531212264564e-01
5.427193013392404008e-01 8.408878459908381009e-01
