8.643277738278323241e-01 5.194849702885251386e-01 4.966547202484554724e-01 4.774452247492821377e-01 5.265316860182126524e-01 5.635730175435547107e-01
3.499764168928936603e-01 4.891741604647517061e-01 4.899752489484799911e-01 5.223487793869979745e-01 4.761803569838642947e-01 5.019285917153414323e-01
8.797341169986587772e-01 5.204377134200478539e-01 5.005379773820405331e-01 4.675558566633745694e-01 5.267116524516255449e-01 5.578578705272962956e-01
4.939090993709254196e-01 4.936977987998156236e-01 5.005960039581817123e-01 5.170281659965464405e-01 4.754779151792054015e-01 5.304328775697518816e-01
4.019248561669732656e-01 4.999351342028727774e-01 4.814355135598447077e-01 5.258056196312285158e-01 4.906875891203364981e-01 5.136097689162100188e-01
8.453685158145043399e-01 5.193038852440994280e-01 5.118244263750052481e-01 4.724654066739540914e-01 5.441857656096558138e-01 4.982025649125069733e-01
8.523610004264083884e-01 5.367827861615827034e-01 5.018856680736387688e-01 4.700297940413840636e-01 5.487487589879541661e-01 4.834232153931006248e-01
4.033149998097369515e-01 4.973636418588955888e-01 4.830650304216985713e-01 5.233684491706481756e-01 4.844300399073845353e-01 5.187797719355395909e-01
5.877856712651197135e-01 4.967870653867214048e-01 5.031498575069445200e-01 5.032806806964138513e-01 5.033505493008354481e-01 5.066900211518042818e-01
7.923167924170051446e-01 5.222706470500761977e-01 5.080661684230304287e-01 4.714567481909172075e-01 5.241322224038422739e-01 4.862667089184893876e-01
3.973823587129623469e-01 5.061965351814801117e-01 4.838399351120459824e-01 5.133450859543551292e-01 4.880247874439055389e-01 5.026011875810072471e-01
3.908873322078727508e-01 4.896001587103356867e-01 4.964371466962470558e-01 5.187559832688378725e-01 4.869010434828341949e-01 5.304875257185921456e-01
4.037237216137578577e-01 4.892836326924995261e-01 4.960384579051733689e-01 5.154878626356114157e-01 4.865375310798213393e-01 5.300845275097130216e-01
5.939710094955272801e-01 4.952776927865542023e-01 4.851130009654134878e-01 5.024808139246762506e-01 5.131549593930220254e-01 4.997261450001537209e-01
4.055327486596472797e-01 5.046756042006702581e-01 4.972842445557134616e-01 5.168630605396999922e-01 4.933007294085796079e-01 5.150799138157219348e-01
4.947933348180276192e-01 5.147538903477173466e-01 5.016583580914939500e-01 5.138428156488009657e-01 4.962732796610268005e-01 5.138522206826878769e-01
5.919366917954790308e-01 4.992918193465226695e-01 4.881456064558626906e-01 5.050550618404084924e-01 5.141286180536550621e-01 5.027004755087961518e-01
4.010647008400916591e-02 4.876620950025482570e-01 4.744330911335786771e-01 5.872174201492819101e-01 4.442163112551892890e-01 5.571678979556125011e-01
4.951750509253183274e-01 5.061667385831983834e-01 4.975976500612858677e-01 4.996453731789198827e-01 4.990605583888716446e-01 5.091747521598238846e-01
5.818642560407625286e-01 5.062249367311197901e-01 5.071005984833855118e-01 4.987402438169509233e-01 5.017977782860210123e-01 5.055848714027609825e-01
4.052021232822488606e-01 4.901495070514989560e-01 4.940321931872367345e-01 5.097218218591962335e-01 4.886334060781273858e-01 5.157914186663435929e-01
5.945738524484306398e-01 5.191989349652798014e-01 5.032932298216190592e-01 4.982868695324892960e-01 5.073533798678797613e-01 5.127840851030629477e-01
9.494508294332214549e-01 5.370375789552853663e-01 5.026737692310075944e-01 4.534751832981932518e-01 5.320139911562624668e-01 5.188851038660955428e-01
0.000000000000000000e+00 4.614678846756214425e-01 4.864874419356945978e-01 5.705768047716321956e-01 4.083199601570116077e-01 5.860230247247777413e-01
4.025478712763043698e-01 5.144092861136785322e-01 4.988774034675170221e-01 5.253616931036498849e-01 4.746907109034723682e-01 5.101138663876283452e-01
7.223381076312695992e-02 5.014652472016692952e-01 4.757161302656911506e-01 5.571538701930801585e-01 4.600601659826614176e-01 5.115171498449153642e-01
5.883416224872421996e-01 5.112695683292101112e-01 5.074883061362944758e-01 4.905145372263429171e-01 4.811982836008452113e-01 5.098396163468004172e-01
3.920227864562525477e-01 5.078369485942776373e-01 4.971288970492965809e-01 5.389132663598061868e-01 4.876803105440297159e-01 5.112643360577930896e-01
4.038048897256688585e-01 4.983601394242625493e-01 4.989607723765112079e-01 5.230160759374230528e-01 4.796638295265392427e-01 5.214131061286357838e-01
7.598685261563348226e-01 5.252978334506057667e-01 5.031226103205256317e-01 4.771346749600376969e-01 5.153409055873188205e-01 5.129414282980110373e-01
8.272128027278193851e-01 5.258326607081253989e-01 5.092461221456666687e-01 4.859079970961241446e-01 5.266521458286589352e-01 5.341569818982313533e-01
5.725889552060897669e-01 4.866571839477822903e-01 4.998122554237480197e-01 4.883768148926910801e-01 4.769873721477176365e-01 4.867913411276500457e-01
2.590862533337921492e-01 4.770323225245710064e-01 5.009327728584929140e-01 5.348313302302303285e-01 4.556671092651834454e-01 5.118084218400812402e-01
4.956249148460232790e-01 4.954810334515007408e-01 4.973491077259744597e-01 4.940332099088406426e-01 4.941988444748076081e-01 5.109425146271393547e-01
2.380126383577053084e-01 4.920832193214048633e-01 4.908169297448187751e-01 5.412393948140246103e-01 4.529349188952447869e-01 5.380398146898502931e-01
2.010618529618878325e-01 4.873452672855651535e-01 4.781701899789961852e-01 5.445456962588255401e-01 4.645623906335379916e-01 5.315191591647816516e-01
5.811835835601153466e-01 4.990376876961565289e-01 4.919004504935722277e-01 4.986602255058963373e-01 4.939022398266369462e-01 4.924021343468841794e-01
8.285869813012338714e-01 5.319385603845979693e-01 5.135338934078071960e-01 4.662302811437574745e-01 5.167100173749195058e-01 4.846343001336761436e-01
1.075109267786943101e-01 4.954176926088068589e-01 4.798785515234726962e-01 5.667934968537579055e-01 4.611591994854618015e-01 5.224833638072742259e-01
7.198155836016064679e-01 5.229563559032029962e-01 5.026610032006462170e-01 4.843463789912140771e-01 5.222756520735163388e-01 4.897519006990662671e-01
5.902478977626435253e-01 5.002764493306767202e-01 4.958283196868223941e-01 4.946433973860508426e-01 4.905778453502503966e-01 4.939104760245519588e-01
4.042566332571447818e-01 5.128013950726614256e-01 4.952252760265500875e-01 5.237768850952461142e-01 4.809081159094945601e-01 5.186224776308709927e-01
1.685291498155460088e-01 5.038778235091343483e-01 4.851265064628548784e-01 5.548640829061475266e-01 4.677059598754249037e-01 5.097922324151470397e-01
3.449137152561824737e-01 4.754039717150144728e-01 4.745037401112753295e-01 5.209360754870816512e-01 4.784719462086655106e-01 5.198197950613533402e-01
8.138483698015158696e-01 5.280549071031157560e-01 5.266250917851108548e-01 4.649176173523368871e-01 5.203223222609879572e-01 4.956757511861796806e-01
7.299019409412826898e-01 5.202946090868668660e-01 5.007060981698184809e-01 4.887044748679658657e-01 5.149995595047063279e-01 5.184126846602654659e-01
7.355690199759044035e-01 5.243862462362034460e-01 5.094475961908992989e-01 4.764779923360498715e-01 5.012068345884529430e-01 5.017907702128118208e-01
4.960458271667520513e-01 5.042815743362439873e-01 4.990771678460597105e-01 5.071855997475256395e-01 4.924589159767701618e-01 5.056700225225738698e-01
5.821387712381347335e-01 5.089927716619943032e-01 4.931329213367079412e-01 4.991369150179259528e-01 4.937811094819594682e-01 5.103833010960479033e-01
7.880545301660271118e-01 5.276895617567934904e-01 5.048016035450073602e-01 4.626935462040936420e-01 5.281966145510377242e-01 4.767425539566120252e-01
1.822520293779759659e-01 5.009010965196851739e-01 4.771589074608981740e-01 5.494248979217665196e-01 4.765069709071190207e-01 5.049629970535441936e-01
3.914306315866812880e-01 4.953269365857750905e-01 4.942785709302031649e-01 5.199618239283224641e-01 4.842913359642863624e-01 5.238961393820601442e-01
7.302859853905394605e-01 5.172033011142411763e-01 5.101327638745142279e-01 4.694699493037681748e-01 5.187448589357011031e-01 5.058025645375887613e-01
3.959483781155280768e-01 5.258168621714756075e-01 4.990328930858226042e-01 5.313341018720525444e-01 4.926428031126640072e-01 5.103002964113120266e-01
2.075122379248154902e-01 5.237254900368809585e-01 5.112544432403695049e-01 5.549515664573849705e-01 4.758956674232988071e-01 5.176032297889785472e-01
7.203744413218171605e-01 5.229522224417412213e-01 4.925425891387271715e-01 4.767845565061081814e-01 5.284193727770202242e-01 4.809770013100876929e-01
1.897587388561378652e-01 5.037330438299298940e-01 4.712417825562154605e-01 5.544592611605297927e-01 4.846598765292681188e-01 5.139953414719555802e-01
5.853434803047550261e-01 5.125699033119465176e-01 5.072180058824306004e-01 4.930858860967096136e-01 4.919271830835423298e-01 4.878915289866138649e-01
3.111991531329298954e-01 4.902691136636989078e-01 4.880932143853230487e-01 5.321245447511361304e-01 4.824698710031673499e-01 5.298888298312166567e-01
2.237781991143601434e-01 5.232448042151849332e-01 5.104894998339720713e-01 5.523301403981702995e-01 4.777997025811404064e-01 5.158730797787288713e-01
8.177558349496267809e-01 5.209348242415963171e-01 5.093529905023855830e-01 4.688350188001768060e-01 5.194139379260678258e-01 4.853498317983445665e-01
4.092690092807507729e-01 4.986817276946529098e-01 4.900825457230676974e-01 5.149979582263071176e-01 4.884238151042310516e-01 4.987047793937107176e-01
4.927060730465691596e-01 5.029352991452739063e-01 5.062834792694869135e-01 5.137960472062699235e-01 4.932147130810539126e-01 4.980530135468128061e-01
3.819354005025013543e-01 5.090267960519302415e-01 4.923864697860549366e-01 5.253031691597003228e-01 4.867068618444037043e-01 5.001685180465493819e-01
8.196599190146774960e-01 5.209111441087928007e-01 5.161523626479020965e-01 4.751942040069946915e-01 5.087963771388155365e-01 5.149828345266475038e-01
9.388920459194501911e-01 5.221498620425554238e-01 5.091058230515191907e-01 4.622751333187455902e-01 5.494486435843825012e-01 5.097473614516574436e-01
9.205010011468823805e-01 5.313640998113359215e-01 5.151398856540392313e-01 4.725948239534848994e-01 5.326486066659453789e-01 5.403627181679632185e-01
3.727273762579532690e-01 4.920423578205105897e-01 4.956545574195959647e-01 5.211074115986850108e-01 4.769747234274581693e-01 5.283011904270651371e-01
1.000000000000000000e+00 5.283531975397514069e-01 5.129513832514274174e-01 4.519206893564893801e-01 5.565833029520081965e-01 5.060677776754622936e-01
1.672885715715260457e-01 4.982405669330015607e-01 4.857391225362833187e-01 5.624819642175267198e-01 4.442087807644198305e-01 5.306847923893713848e-01
5.842662567386029959e-01 5.142786648047407150e-01 5.023848543212124929e-01 4.934173818614678853e-01 4.916990663816651064e-01 5.037344926446414295e-01
1.844421310915143608e-01 4.993907872386997293e-01 4.701960952545747863e-01 5.482708747361166868e-01 4.839008428980881016e-01 5.040218333965169606e-01
8.114143374803090003e-01 5.228518691589185696e-01 5.040638080820497580e-01 4.664615627775141049e-01 5.123074296866462207e-01 5.084509316327303630e-01
9.482613034960561960e-01 5.235102280728505253e-01 5.095210353120588342e-01 4.595203682830182879e-01 5.501035300498047231e-01 5.073334003380108870e-01
5.927940127178294993e-01 5.141893456406628760e-01 5.113096942027369751e-01 4.880543531767698173e-01 4.972813842266999296e-01 5.095304238302601485e-01
6.001065199067602274e-01 5.189820841784243965e-01 5.138356763671000360e-01 4.949809535754085554e-01 4.984046773566376265e-01 4.930861287860834330e-01
2.525851209351773763e-01 4.849644263246495335e-01 4.721811325868617848e-01 5.257563985887262481e-01 4.654084097769263795e-01 5.349689121949372517e-01
2.319861412216747132e-01 5.057560113534588231e-01 4.878163358630806523e-01 5.448336220339676794e-01 4.725103592821106036e-01 5.062071524917836074e-01
7.321072186204065080e-01 5.263443827747088521e-01 5.083282681320807628e-01 4.786191663102260518e-01 5.071240831838093044e-01 5.135862280426848336e-01
8.374096165773539102e-01 5.222551859483361980e-01 5.133813315914937947e-01 4.559589014300209353e-01 5.271567211808846354e-01 4.835056387507321030e-01
7.315350610428624778e-01 5.220646062450053915e-01 5.073864083799749514e-01 4.792116383981253613e-01 5.075948913440662125e-01 4.946480574166927102e-01
3.670189736666951696e-01 5.203073109168006027e-01 5.046499806492377171e-01 5.230802272874984782e-01 4.864332769750153718e-01 4.999015675832943484e-01
2.460031337585708577e-01 4.898808149228135456e-01 4.962432270760786523e-01 5.443283045430440392e-01 4.621485393719492185e-01 5.228383009648125412e-01
7.852668544527992012e-01 5.205833043725475173e-01 5.003019948011693252e-01 4.828331845110034326e-01 5.280200887208356120e-01 5.154047966918381407e-01
7.490101451263253551e-01 5.155393603874121045e-01 5.128588094593483637e-01 4.817549799801305599e-01 5.060712962988318520e-01 5.175743197352322689e-01
2.771274981156469641e-01 5.040578026689932489e-01 4.786265210238211942e-01 5.407310191788784470e-01 4.853985710201579873e-01 5.069698419980160908e-01
4.966973823519134079e-01 5.037029211277630480e-01 4.880794296028320711e-01 5.147203026331296227e-01 4.992296970672928658e-01 4.950790722175863467e-01
7.496959445885518214e-01 5.251856795706594250e-01 5.100955196713743423e-01 4.736293696346680626e-01 5.140254701226751877e-01 4.872040944844754917e-01
8.280859107991154211e-01 5.266512924044569610e-01 5.061130488194899302e-01 4.803673017346208884e-01 5.288758835259956825e-01 5.248517203950142651e-01
2.866800216090491515e-01 5.026933004174850561e-01 4.854549859489829533e-01 5.276018534458204456e-01 4.796350010193770053e-01 5.213288318839723878e-01
3.181192382993882628e-01 4.949206292041508082e-01 4.964328236968122976e-01 5.382274765987429266e-01 4.665536703215424907e-01 5.123460523723936122e-01
7.271163460363563313e-01 5.151408466329981950e-01 5.119950731095740393e-01 4.819339823202339890e-01 5.063135514753038802e-01 5.156592787897512631e-01
3.094542479351901632e-01 4.928098590987152194e-01 4.764178092978332835e-01 5.328816360832280274e-01 4.888196610046304791e-01 5.083189841044801760e-01
2.809053745751578512e-01 4.983283529639974119e-01 4.851670741502505102e-01 5.369022321205312309e-01 4.770491580325645353e-01 5.277383914410035404e-01
3.451494733536339399e-01 4.809128771079361209e-01 4.770511663885468878e-01 5.242121144536501243e-01 4.783451559095089900e-01 5.215623429385719545e-01
6.531195469642683271e-01 5.186490684983988686e-01 5.031920929962087063e-01 4.863393166859475425e-01 5.009318585748584463e-01 4.872025087461178128e-01
6.805588682845123971e-01 5.134820672405834285e-01 5.184026232715334137e-01 4.820235302279314293e-01 5.042117093576605757e-01 5.054081122174586271e-01
2.455116288666776003e-01 4.898103572958233398e-01 4.962796174994309473e-01 5.443922459737522423e-01 4.620099239129289437e-01 5.229096043377261527e-01
4.635451805758438737e-01 5.080607891037030033e-01 4.930420126132848413e-01 5.117118529483121181e-01 4.924730698655034322e-01 4.999811169166729630e-01
3.247974600311023807e-01 4.945971829568561740e-01 4.852859781584371035e-01 5.180146300265766612e-01 4.853735981640784347e-01 5.058811608321501785e-01
7.571609464356108266e-01 5.039335602633544520e-01 4.939449731913430064e-01 4.736697906249854317e-01 5.146350022795607160e-01 5.303614021183006288e-01
6.827130456620340571e-01 5.210569025721553116e-01 5.069846452708599571e-01 4.937719867786976025e-01 5.120069182892278414e-01 5.149976282490712487e-01
3.683542178044932336e-01 4.781994118628307699e-01 4.783171306714292248e-01 5.179680789179738065e-01 4.802496262508711977e-01 5.169374328302737132e-01
8.707403885789527509e-01 5.209751923886669633e-01 4.989720018963031967e-01 4.744538482723283934e-01 5.269426789778381970e-01 5.563102284458976143e-01
2.479701085314177655e-01 4.905940585266799769e-01 5.036119835036502179e-01 5.435375632500966114e-01 4.593109971179704099e-01 5.275939502456142849e-01
3.167671931926154261e-01 5.072568892529073503e-01 4.908260932878288352e-01 5.312043073227833423e-01 4.772185690466838048e-01 5.252428973417239133e-01
2.489125012121746749e-01 4.906535356440636098e-01 4.791788900365673842e-01 5.377016902828306577e-01 4.730933194527627283e-01 5.233123123307341640e-01
8.304572290394958145e-01 5.325266374234303157e-01 5.121787458249891234e-01 4.809189638280642054e-01 5.281738303343170848e-01 5.371522977973540725e-01
5.938010047100136246e-01 5.092396418140139325e-01 5.021999535330096132e-01 4.900377520076226179e-01 4.921393943463235332e-01 5.104751740867172760e-01
5.921454737567627413e-01 5.085329302701458998e-01 5.102526630780217509e-01 4.899006334951093167e-01 4.893868363105657315e-01 4.959719746387858397e-01
2.447874526611010237e-01 5.087630428157067231e-01 4.921745125838642987e-01 5.721406040477436949e-01 4.758180018042827419e-01 5.244904081663925854e-01
1.144113163720243131e-01 4.997698372752040208e-01 4.880408243372543753e-01 5.582622404280036532e-01 4.607723397130880638e-01 5.234624949701905949e-01
5.880160007729855476e-01 5.050319445663056239e-01 5.124304537093056222e-01 4.966258629908388844e-01 4.947557310014008003e-01 5.135556717934253168e-01
3.787165453061734910e-01 5.016320235339452038e-01 5.008520360443766695e-01 5.303182347581488765e-01 4.858617679997139227e-01 5.041741884031486487e-01
5.873430098349862183e-01 5.093491008943179521e-01 5.049672635528832387e-01 4.971400225793503602e-01 4.940647512026368759e-01 4.995068255513410160e-01
3.939462767591638825e-01 5.030661483420084679e-01 4.880109150656308792e-01 5.212467962219702322e-01 4.889189775839034580e-01 4.915006722411631723e-01
7.292681232780900968e-01 5.220170022201022775e-01 5.013437285141051358e-01 4.769695536638711708e-01 5.095449038679432663e-01 5.166276848698893032e-01
6.435450885582637559e-01 5.185974976746019482e-01 5.078310268981081066e-01 4.920539114005142434e-01 5.043570915942795496e-01 4.994327630392599859e-01
6.781073849706018009e-02 4.816500355205990402e-01 4.695787152261219899e-01 5.771800909940032476e-01 4.651141420449955155e-01 5.393016265459626979e-01
2.087897478772705595e-01 5.028589235230275234e-01 4.910028792741989445e-01 5.468817896938517054e-01 4.681013893524792469e-01 5.196353304763057235e-01
4.406636455740007285e-01 4.981217768954666059e-01 4.881496994457574234e-01 5.161147478534453548e-01 4.915485544211680158e-01 5.095435579081847299e-01
3.923185674715058413e-01 4.985037972065932688e-01 4.990585653076554107e-01 5.248883118779666956e-01 4.822102545157589404e-01 5.187477931659983943e-01
3.628094065071634788e-01 4.959904384146026635e-01 4.912250767569610321e-01 5.197870129504787995e-01 4.814414982381467478e-01 5.146356849016199275e-01
9.512957786248995573e-01 5.305577986994800543e-01 5.303944669635383136e-01 4.473998990112243446e-01 5.343491222003602381e-01 4.809680946458927964e-01
2.165518994670274922e-01 4.979074150013199085e-01 4.859822020821301103e-01 5.453498372335113809e-01 4.674077834491043859e-01 5.244140754530456361e-01
2.545323511513358228e-01 5.219422862945193309e-01 5.096607518804786574e-01 5.456150240568814480e-01 4.788329486458471895e-01 5.084565291956031352e-01
6.255873395766463618e-01 5.152488648124263770e-01 4.887633261461450385e-01 5.075135401676220681e-01 5.087047606935153343e-01 5.117216863420975814e-01
1.214596551416291526e-01 4.983926699685108375e-01 4.853751817584944783e-01 5.564923131524462940e-01 4.640398943324014480e-01 5.227279383551353131e-01
5.527416899882878765e-01 5.041701801446667464e-01 5.063199407067031643e-01 4.960466158858203300e-01 4.863369253349041910e-01 5.033822883735619147e-01
8.493540952655700416e-01 5.243547178910619166e-01 5.266126199622443993e-01 4.664585055180733297e-01 5.267614982058945738e-01 4.791755729420532628e-01
1.341764665375349275e-01 4.993165657963785642e-01 4.856259794089838877e-01 5.567001507773772229e-01 4.612264781847495998e-01 5.276587113345152513e-01
1.284396235234903927e-01 4.859022636824074093e-01 4.765058753594622054e-01 5.662225434589843731e-01 4.653763927909886911e-01 5.264682618961882277e-01
5.812959323745343632e-01 5.167335460173879680e-01 5.072379578365903141e-01 5.032162207358583661e-01 4.952139730584743105e-01 5.012518932960661200e-01
6.078545143734760403e-01 5.158185422566969880e-01 4.923690345925323952e-01 5.087248295928404884e-01 5.049559225784733263e-01 5.096816200350667847e-01
6.641000710966282750e-01 5.101210198398692386e-01 5.075831411835896034e-01 4.950940328448725780e-01 5.189886729538704113e-01 5.098909779988167745e-01
3.398884259276093722e-01 5.069346710205987483e-01 4.862934838472594556e-01 5.277913120551508408e-01 4.897280104687142810e-01 4.969622935191076452e-01
7.150199061988605775e-01 5.274907429611792598e-01 5.033717585855935761e-01 4.882833180866417710e-01 5.175491511723648852e-01 4.878082423973955084e-01
4.118040545622223547e-01 4.994483976772207123e-01 5.003774023283791283e-01 5.187535742840823083e-01 4.804123561018281974e-01 5.098948150030202520e-01
7.036609536892688421e-01 5.155663464454730560e-01 5.033342049257649720e-01 4.935547695839520577e-01 5.141189937122228049e-01 5.250181823449763252e-01
6.790436706624858321e-01 5.140277464511622263e-01 4.878728335603682020e-01 4.882249637554659794e-01 5.199265950383985535e-01 5.012471856757968469e-01
6.294458340736975854e-01 5.040340844306870904e-01 4.926909020941735440e-01 4.970083546662247276e-01 5.096796598415629376e-01 4.999223620215672570e-01
3.963319847180734601e-01 4.959205385128584997e-01 4.825299087271299192e-01 5.204001013259431652e-01 4.886072832413426159e-01 5.156163920282369473e-01
6.511291872127235036e-01 5.087598912580173494e-01 5.007081650994512634e-01 4.940672393591969969e-01 5.187820833493598238e-01 5.050102742477896589e-01
8.774104967365135010e-01 5.281321346746036260e-01 5.106359559852735597e-01 4.702253211151476431e-01 5.419754347113899806e-01 4.897949999888774331e-01
6.981253572059571422e-01 5.168030010757449499e-01 5.081822914378000267e-01 4.741399188101373952e-01 5.160544154043970044e-01 5.057980669983093147e-01
3.771100741851137195e-01 5.065898385423873718e-01 4.903515178860828327e-01 5.276087837476363118e-01 4.841803393607891359e-01 5.123381111789447884e-01
5.524486718517791495e-01 5.083198211729300642e-01 5.058516285264728074e-01 5.018101502722550622e-01 4.902933466107952110e-01 5.029693547935888409e-01
5.989905892388989184e-01 5.116400397545641798e-01 4.987130423206009300e-01 4.909972680279139912e-01 5.053144089474318479e-01 4.946342986112463591e-01
9.059782003179988052e-01 5.290228545921132897e-01 5.087837385982160177e-01 4.517275274921750405e-01 5.352990632732634868e-01 5.050705291956242293e-01
3.525700093766250265e-01 5.096219685839359359e-01 4.935571037942020900e-01 5.291555833956003152e-01 4.876022952810871169e-01 4.974242618824159523e-01
7.612314841341751848e-01 5.142967747703635073e-01 5.147140450011098434e-01 4.774964170843689626e-01 5.213929727823635174e-01 5.069042881791325783e-01
4.736015304037532458e-01 4.924414190570763350e-01 4.963342886730406356e-01 5.049782478610770342e-01 4.875257897530365092e-01 4.989476883888603886e-01
4.425010631599817224e-01 5.063554826843856826e-01 4.953463660923700385e-01 5.265650871933594823e-01 4.901209595573340350e-01 5.173246460323431828e-01
7.388896891171607972e-01 5.148442844252518746e-01 5.122115527689872216e-01 4.690337724627914873e-01 5.159188222645076927e-01 5.103101813643086127e-01
8.784636351998633685e-01 5.323829045218396727e-01 5.170726189709742293e-01 4.740639323118018833e-01 5.404948098182630334e-01 5.100812589650464135e-01
8.198884525544353208e-01 5.247689490931692902e-01 5.099728344613295716e-01 4.724894724330596651e-01 5.222467137190553998e-01 5.254397118047799964e-01
4.831401429295250627e-01 5.032031254401775344e-01 5.036708803720060246e-01 5.123452060222304372e-01 4.844924596527027671e-01 5.104193345068201992e-01
4.335739550645832940e-01 5.042514392437690285e-01 4.991715693137445675e-01 5.175496660372894686e-01 4.816241838354453075e-01 5.054379054045685660e-01
7.657468595142936651e-01 5.215844576794549381e-01 5.075233088045887353e-01 4.783074864571071894e-01 5.138609100424847975e-01 5.150329770636179472e-01
8.907847589024201485e-01 5.284955915791595960e-01 5.082513526082391708e-01 4.494402086379977179e-01 5.321996648191680279e-01 5.031371425915270867e-01
4.153480863837193393e-01 4.966981757243895124e-01 4.860356025871229169e-01 5.209725041724594385e-01 4.905175079584782050e-01 5.143302139774794668e-01
5.168906136647044569e-01 4.940091708278248617e-01 4.871551186654080046e-01 5.147521375610460970e-01 5.041741858297950074e-01 5.088455069060831004e-01
3.064272068137356975e-01 5.045673164241537556e-01 4.911057608233396210e-01 5.338958179659815118e-01 4.762422436752370425e-01 5.112477191731646942e-01
5.165186758763917751e-01 4.915010076645679460e-01 5.001668401651181428e-01 5.023821161592361140e-01 4.810110804902640314e-01 4.996463049945667478e-01
3.110082399813242082e-01 4.970951358806294795e-01 4.853721265044648736e-01 5.379195279881199276e-01 4.768425058721615373e-01 5.256680803971924831e-01
6.538709732985037437e-01 5.190317373035544524e-01 5.094605622974819337e-01 4.890167836136813939e-01 5.088588753534407649e-01 5.117780976311196994e-01
7.250283583312979729e-01 5.184896792699524859e-01 5.043272748568092823e-01 4.718843342624448045e-01 5.148840551015235745e-01 5.033883836074098950e-01
5.445594235095815305e-01 5.060489158006692412e-01 4.908101199258912972e-01 5.049083727522801768e-01 4.912216266929164687e-01 5.262122326834197672e-01
5.686216992432874262e-01 4.970546660690435825e-01 4.957282689582089841e-01 4.948385575225451860e-01 4.966854916637697959e-01 5.096787955397980019e-01
6.918809532567404830e-01 5.095820824800930682e-01 5.118293126312328800e-01 4.855781809963324314e-01 5.086823375377638179e-01 5.074229242561816289e-01
5.926851076375987404e-01 5.084963869889167487e-01 5.046801268494947035e-01 4.956838242388479365e-01 4.950293400628179019e-01 5.149698288008413005e-01
1.938022876428078245e-01 4.941379096718312991e-01 4.819942930868035269e-01 5.574374132483999045e-01 4.600116051706857334e-01 5.309086086704567498e-01
9.105551060752956616e-01 5.310543942829933917e-01 5.162690605924121767e-01 4.726968347754001987e-01 5.289934183688758118e-01 5.356378982851449644e-01
2.055290636371717716e-01 4.868339406084052912e-01 4.749183638256935236e-01 5.586638859248351796e-01 4.776718924794592924e-01 5.384101077418879111e-01
4.881660082368159959e-01 5.114957593197664298e-01 5.065797808184769879e-01 5.123372903467835471e-01 4.950209528815538995e-01 4.892384364172415734e-01
4.024279063811525559e-01 4.908933278878692685e-01 4.906069335667969655e-01 5.299173984174109231e-01 4.915718671274982854e-01 5.219011335892651537e-01
3.896193322049132379e-01 4.980054997767068836e-01 5.002040440157042855e-01 5.165004161928029580e-01 4.744990588169817336e-01 5.070549524769425442e-01
7.633024873186480264e-01 5.178590530469572295e-01 5.052206725140060417e-01 4.766431622644389798e-01 5.156479198454758661e-01 4.885941226515131408e-01
2.629950989826760899e-01 4.923205022368545292e-01 4.835046493553566971e-01 5.401524263483887811e-01 4.727262313061949550e-01 5.219822937300705457e-01
3.543068870662638981e-01 4.945559396837236332e-01 5.003611065790859458e-01 5.310809706040351408e-01 4.778176932313012437e-01 5.054457846008678645e-01
7.506489930653548193e-01 5.227829377347503748e-01 5.103478468041651173e-01 4.850871194963017885e-01 5.197190013809568354e-01 5.130168379105124465e-01
7.179854408759339668e-01 5.110327240885658151e-01 4.979425166827868288e-01 4.740878627618479446e-01 5.104523835242733565e-01 5.133525784276335990e-01
8.072789169953069610e-01 5.213233814814812739e-01 5.011495120380794477e-01 4.668385679811216105e-01 5.255569111912992142e-01 5.046328152307955062e-01
8.047126987764302575e-01 5.285915045272724377e-01 5.108268533820272683e-01 4.655100865778172281e-01 5.152452901353022918e-01 4.863159802277632893e-01
6.946889586193789601e-01 5.093435470573997037e-01 4.989834932076352425e-01 4.920020588805238404e-01 5.138764678898556371e-01 5.097699358612178822e-01
4.069621415586474611e-01 4.989537990465189310e-01 4.965492760858698507e-01 5.190857471986919380e-01 4.866894645333193492e-01 4.947391061387828026e-01
3.006055610438232439e-01 4.894883101790623581e-01 4.823875062249635692e-01 5.265040548207186033e-01 4.757525384853990569e-01 5.001091434864964880e-01
6.589525472872193035e-01 5.182394495820003000e-01 5.073472475100861967e-01 4.839821049935780217e-01 5.085772328839537337e-01 4.993161046735249409e-01
3.667211677987739504e-01 4.974147710199647854e-01 4.990943311710682728e-01 5.195025401925263964e-01 4.726310579047371951e-01 5.088048934210362972e-01
5.269266891884635262e-01 5.067193894227545181e-01 4.932903571455274916e-01 5.073339801655604164e-01 4.923448385695181617e-01 5.218713746429268774e-01
6.652930491611801500e-01 5.077157789592682269e-01 5.012806968213389114e-01 4.899143366926074772e-01 5.060820440146319710e-01 4.974045711417061644e-01
2.984099739312670030e-01 4.870181577909895587e-01 4.795256420294470301e-01 5.190861728514053475e-01 4.654009900231571573e-01 5.290002725859076493e-01
7.515696220498283564e-01 5.118470137165904710e-01 4.975342957858073789e-01 4.685354862708701607e-01 5.135865749184284068e-01 5.146458870471672942e-01
6.801851647577680238e-01 5.070543107118097303e-01 5.133680900088407606e-01 4.909493242020787074e-01 5.074020629352603562e-01 5.128886479282127597e-01
2.712337927336255783e-01 5.231893980844531944e-01 5.078911800206907801e-01 5.454629655716374259e-01 4.791997520013180911e-01 5.152961088623302377e-01
7.483229384277829688e-01 5.165575496218521856e-01 5.046905601651585638e-01 4.791314321971237300e-01 5.150674139750600622e-01 4.936982204109909844e-01
6.637239933021462646e-01 5.190941917429637842e-01 5.083009200315299347e-01 4.847765105918149242e-01 5.080571840643501869e-01 5.015534493985094322e-01
3.873230918272495549e-01 4.961378573942399339e-01 4.873909107173099442e-01 5.318928551627765122e-01 4.808894420439664419e-01 5.193885743668364974e-01
4.045345447930612237e-01 5.070017369249723016e-01 4.894721456370654811e-01 5.269972361647422554e-01 4.922821892617625927e-01 5.162711545574182326e-01
6.566070696854341415e-01 5.127102762892842280e-01 5.016565827573927772e-01 4.944288375651996748e-01 5.092390672993741818e-01 5.091506167303536667e-01
5.528311383771405962e-01 5.158990182843555816e-01 5.062709561062411767e-01 5.076877004045489139e-01 5.040561819475338767e-01 4.957530458754344505e-01
2.819697594699804299e-01 4.884300796907663500e-01 4.760420165437032058e-01 5.393303983632028453e-01 4.874512543161671485e-01 5.132935919647839684e-01
2.945906584253786265e-01 4.904320820169436046e-01 4.843014061786646285e-01 5.360538884294742124e-01 4.751795133560716144e-01 5.226360112981844885e-01
7.222182395041516489e-01 5.262927690428846894e-01 5.075862389351208925e-01 4.805458566263464126e-01 5.077766604435232090e-01 5.140040497817877085e-01
4.888059626082267295e-01 5.049302691993736714e-01 5.079303683073376208e-01 5.094760410939509487e-01 4.884399825560397090e-01 4.977902954413592207e-01
4.525167796673062459e-01 4.939201827971052561e-01 4.968444154592205342e-01 5.100011315755065278e-01 4.897679941898887557e-01 5.249159423303058070e-01
6.275906348261408585e-01 5.166971036736426326e-01 5.126767105652239032e-01 4.921730813141373950e-01 5.029062762856779667e-01 4.960046597338886865e-01
3.866472281989317139e-01 4.808887496460965694e-01 4.964407009333111631e-01 5.218441112567506757e-01 4.697891018798359686e-01 5.071967469184970323e-01
6.811528080069981783e-01 5.040268781669090536e-01 5.091651885936718802e-01 4.852253899634861867e-01 5.059702300454027579e-01 5.063362239278531574e-01
5.909606454182662061e-01 5.100133218014626379e-01 5.045753892273676655e-01 4.953461925710829772e-01 4.943845156741179525e-01 4.986378440524555922e-01
3.999003289354493562e-01 4.893506349120807508e-01 4.894592564913746169e-01 5.234443626936248206e-01 4.724599643903944490e-01 5.088598463848424958e-01
6.820527122501546247e-01 5.105714022869313196e-01 5.083105013948961970e-01 4.874010632830216849e-01 5.087140776838049439e-01 5.051148974859565044e-01
6.940520839830288669e-01 5.125043141554183057e-01 4.953992330600336946e-01 4.805847170186373085e-01 5.069449279400624064e-01 5.159785593769782297e-01
3.043710983718599938e-01 4.962570935946833406e-01 4.880837219767816260e-01 5.349685690028388452e-01 4.766216334498777907e-01 5.162077110384389877e-01
3.477004425813077781e-01 5.118153341955209434e-01 4.927899620880302201e-01 5.262732957127150835e-01 4.822579645365606127e-01 5.220465802872303884e-01
4.301629539832627636e-01 5.146688661318395974e-01 4.925688718924489673e-01 5.319537462800556504e-01 4.899988962582029761e-01 4.907208109846653010e-01
5.714565142905017048e-01 5.156118006418941579e-01 5.018968947131809966e-01 4.968398885070071658e-01 4.876668360589119788e-01 4.979663359868063410e-01
5.429727795997713047e-01 5.086208628523137820e-01 5.054709502945237132e-01 4.957283214945480965e-01 5.016909200256407519e-01 4.978822243664374203e-01
5.380231219351593319e-01 5.102957749501889628e-01 5.079380257799742671e-01 5.142832835687893844e-01 5.046167650730403187e-01 4.904029599846769227e-01
7.195875748157263274e-01 5.242784707239364073e-01 5.030598399486984063e-01 4.831939313275132042e-01 5.119443261028185921e-01 5.134091224701780032e-01
6.143676367304999886e-01 5.089178195912964497e-01 4.926573336120589897e-01 4.909989869916391858e-01 5.190813663471517403e-01 4.960077999330858578e-01
6.342612930177444763e-01 5.188639455105359399e-01 5.094957063070699732e-01 4.939096904721848036e-01 5.016642519424173718e-01 4.996492878255966441e-01
6.403230216125811447e-01 5.068496682028116318e-01 5.068851669053140441e-01 4.916800133674386064e-01 5.052818141850567990e-01 5.062191562998806793e-01
4.559501017922810151e-01 4.988451207951167810e-01 4.910440386768020748e-01 5.141167116908180734e-01 4.984242127420321911e-01 5.000093437381447625e-01
4.022461414140577340e-01 5.226438063351422914e-01 5.090331878484150030e-01 5.292312409446124910e-01 4.921058620861248900e-01 5.038774275563612237e-01
7.669556771343393198e-01 5.230330353487809836e-01 5.074638367765277325e-01 4.712852104138018916e-01 5.176748754653102136e-01 4.867641810155594606e-01
8.510056727082158101e-01 5.192366127867672487e-01 5.002970867270510880e-01 4.691354780256650203e-01 5.238430563234408588e-01 5.445476554277094428e-01
5.828692880892228922e-01 5.103620500933994109e-01 5.038943239265346596e-01 5.003620013517470211e-01 4.987984367697723687e-01 5.017507538869221406e-01
2.350925016783039223e-01 4.975389945095086142e-01 4.890028849950028289e-01 5.394623126319488815e-01 4.705200364656885181e-01 5.352240370292905558e-01
5.653020281894761689e-01 5.153680577844319544e-01 4.989945797481694090e-01 4.945483559899482850e-01 4.916949346394263176e-01 5.047472057152554425e-01
1.528005995128844940e-01 5.008110238314191776e-01 4.670231076924720726e-01 5.579894376914520393e-01 4.814533791958880427e-01 5.188207930129932199e-01
4.968934238618184507e-01 5.046556734352832807e-01 5.020006660747331484e-01 5.082018406646788833e-01 4.945791622291106915e-01 5.011391997651956087e-01
5.934394258577779802e-01 5.156024682018583993e-01 5.092607471222546645e-01 5.038289871175302137e-01 5.072545400597043841e-01 4.876213460411875089e-01
4.970715952095143275e-01 4.938011483763710130e-01 4.992384781709560682e-01 5.069590871065906557e-01 4.832967771993892381e-01 5.010824235895714462e-01
7.973593347324972047e-01 5.189855819195249298e-01 5.080043395137560092e-01 4.714346669612737295e-01 5.305067468384218055e-01 4.993006357105238546e-01
6.550882466817602445e-01 5.215523256218220771e-01 5.068862614841402880e-01 4.890174687706048684e-01 5.107516726760347181e-01 4.971488599753042248e-01
6.163503559648432217e-01 5.077976321528941961e-01 5.055114598624640410e-01 4.952232282047460132e-01 5.044062583397961319e-01 5.066298001623075198e-01
6.421889231334199089e-01 5.040635691837851429e-01 4.940172594167276388e-01 4.939605946543036974e-01 5.113720460295932968e-01 4.985071710699504055e-01
3.329320244401094975e-01 4.911049129060494067e-01 5.038482693445399674e-01 5.324711813622996504e-01 4.736531553132568573e-01 5.007154848233393851e-01
6.336559843967943806e-01 5.079307147353400165e-01 5.080977689591635871e-01 4.878350532400845263e-01 5.048933062891078904e-01 4.964810735185693491e-01
3.633742828766075572e-01 5.096671693273314707e-01 4.957914161573931389e-01 5.298816156504947417e-01 4.848793974314166144e-01 5.029875992856597255e-01
6.637562770493716791e-01 5.209269239489406900e-01 5.079569290482669475e-01 4.906294413503406449e-01 5.077878378556252015e-01 4.899369370433549475e-01
4.237532524739440198e-01 4.969411237711315876e-01 4.958009537211168216e-01 5.151213399064374920e-01 4.867919212236826998e-01 5.211584981349918211e-01
8.795853756823776015e-01 5.212614159331929731e-01 4.973698895112544927e-01 4.661973201999194405e-01 5.267040675416657658e-01 5.507178134337834541e-01
2.405264426755598928e-01 4.878817706391586073e-01 4.828631591193059402e-01 5.423180729967352898e-01 4.739650494133680336e-01 5.372282144720987862e-01
5.360361617501721021e-01 5.090385699242244710e-01 4.960080550469311844e-01 5.079987470932132432e-01 4.992004948090852379e-01 5.136445484296637831e-01
3.475631732505395921e-01 4.930705055490529620e-01 4.885286159528596239e-01 5.294284630646328704e-01 4.893358692370327612e-01 5.262504002133903125e-01
5.496227667369507630e-01 5.071632595907985541e-01 4.998914645825669467e-01 5.059593990981458012e-01 5.030904689067451363e-01 5.014237108915073904e-01
8.733065295909125947e-01 5.263621402794852466e-01 5.279846148880242840e-01 4.488664026701115195e-01 5.139728507134722069e-01 4.923991724228561351e-01
5.285882748948835808e-01 5.079660648953915336e-01 5.047172826767973852e-01 5.076821566701810173e-01 4.966592578095681554e-01 5.196728354580260056e-01
5.868795629799016256e-01 5.117975095579202494e-01 5.051976229461969670e-01 4.968306427458561436e-01 4.999583429812016200e-01 4.967277135461573012e-01
6.971687823758588864e-01 5.173079814506813534e-01 5.061304356503677493e-01 4.907037905431941294e-01 5.166875822768633997e-01 4.902675619176172783e-01
2.685755368582799507e-01 4.908459560345556083e-01 4.802940679878922037e-01 5.337804905905887409e-01 4.757061750495795716e-01 5.154715300919403553e-01
4.601159100899789856e-01 5.025531577556159313e-01 4.895295857369821313e-01 5.120131419522505611e-01 4.981589352860610886e-01 5.026505210848084548e-01
7.548956945940465957e-01 5.196155880899359092e-01 5.096244842385091456e-01 4.721992683006309699e-01 5.063668834618596515e-01 4.877421699973714109e-01
4.188378929070732948e-01 5.005061021415033728e-01 5.002451499770801391e-01 5.182586149449891488e-01 4.820120509474772330e-01 5.097937339432082604e-01
3.610636855895233976e-01 4.975149164836478732e-01 4.899923196238114564e-01 5.280172893018432179e-01 4.807129663638385897e-01 5.148629936818270858e-01
5.860260537909000034e-01 5.076127990401841927e-01 5.047786132366364198e-01 4.980330047239221458e-01 4.954597906170916666e-01 4.927192858229363925e-01
6.174402465590101974e-01 5.019461623399581462e-01 5.090136169102713604e-01 4.988365686125196818e-01 5.004613806056181780e-01 5.151568287456258499e-01
4.569347398228057466e-01 4.990206080694291058e-01 4.959158690507484146e-01 5.118128636148097099e-01 4.883321888060001559e-01 4.873870932287822089e-01
4.342966954283553616e-01 5.014716159995216138e-01 4.926178646945509332e-01 5.159965982686202102e-01 4.917868426844628216e-01 5.153023124562384760e-01
8.586672396624206449e-01 5.189781079641171413e-01 5.042412535478363322e-01 4.709627695349164478e-01 5.422176807773564366e-01 5.082558098184950524e-01
2.291013107323731368e-01 4.953709957524291552e-01 4.756411929576524478e-01 5.433324646925006274e-01 4.739674619057875904e-01 5.226735149696112304e-01
5.424998635398752267e-01 5.139910213028886510e-01 4.953879692073752672e-01 5.118194384233990535e-01 5.048296328312585901e-01 5.176270363453197021e-01
6.282660169518595739e-01 5.139297571046842483e-01 5.030001430058227418e-01 4.971794019513471330e-01 5.121896332711365352e-01 4.968873864326006085e-01
7.510413519308651864e-01 5.193470637253889688e-01 5.020966470864695053e-01 4.851983266450148879e-01 5.229678592579227736e-01 5.121233423095296056e-01
4.207561917288590303e-01 5.040231205947385273e-01 4.970236744118809447e-01 5.176267964370738772e-01 4.835684345201139434e-01 5.201354632413341950e-01
5.790244191275779606e-01 5.090002896409443478e-01 5.008291739718240265e-01 4.945149485247104515e-01 4.983440553384841931e-01 5.050688424252844921e-01
7.706382637080368969e-01 5.226119997294518260e-01 5.224961753887440441e-01 4.681687500610433594e-01 5.105709124528067244e-01 4.996292780985471804e-01
4.761930792443783700e-01 5.068474849430789630e-01 5.012874393385506888e-01 5.163543973554663991e-01 4.929987184113345244e-01 5.120623223640806687e-01
6.851019036148539021e-01 5.171250992658227297e-01 5.080080148861775280e-01 4.797176802831487619e-01 5.145904657877394817e-01 4.909860409984593832e-01
8.428439478701629239e-01 5.270005339432155544e-01 5.072022196357930390e-01 4.587344899289087508e-01 5.268206286751966338e-01 5.003726889932761379e-01
4.102620108447980751e-01 4.995581428521225775e-01 4.884525256712397567e-01 5.180582363099232035e-01 4.917671234698172134e-01 5.045174242444889767e-01
7.419246677548395619e-01 5.243304644013342397e-01 5.065556394748924607e-01 4.772862583658600277e-01 5.117932980969515100e-01 4.961467695628968277e-01
6.614562214839125875e-01 5.155790484112685590e-01 5.068467760009095491e-01 4.874975812987995538e-01 5.056693582590986447e-01 5.035174315223910346e-01
4.981210234221141175e-01 5.025184908323200306e-01 5.012101400950298435e-01 5.086843452546595534e-01 4.921833427590634469e-01 5.115220027401411462e-01
8.325746936830724643e-01 5.174062185040561035e-01 5.100525197645520148e-01 4.725022800835622094e-01 5.422169384408412895e-01 4.995832741922667797e-01
7.159167615405139795e-01 5.106631402536780939e-01 5.209377394030301200e-01 4.798116317120239560e-01 5.100129835852089677e-01 4.776044332318907237e-01
3.540417279006478068e-01 5.030726532998869294e-01 4.991896665903732266e-01 5.305803454541065944e-01 4.801404294490744240e-01 5.112058687966688497e-01
3.196892681100271250e-01 4.826403982938918813e-01 4.849679305275221286e-01 5.268790316609722746e-01 4.762503283819877198e-01 5.274659687774017058e-01
7.646678672443806279e-01 5.264044981481955654e-01 5.024270668320099942e-01 4.741099811057509772e-01 5.156217696957101637e-01 4.921196525153608281e-01
5.281707910014198371e-01 5.070078537979365585e-01 4.922681942776448993e-01 5.068148382573945954e-01 5.035002621130695299e-01 5.079341022351251400e-01
7.131556206464063630e-01 5.182817632626518511e-01 5.073800312961956882e-01 4.788144416310680662e-01 5.149683014979069551e-01 5.035199409411695859e-01
5.174484661337583891e-01 5.091429000768341595e-01 4.987844420908801313e-01 5.161642501400993677e-01 5.010029592374970475e-01 5.099551467230343249e-01
3.311130184074487781e-01 5.024834575074389464e-01 4.916147870564572808e-01 5.304204429798097253e-01 4.762873674623673836e-01 5.187791953776159648e-01
5.601179551617071484e-01 5.097083465381532230e-01 5.009176271249061729e-01 4.967590593704701019e-01 5.067959873243017555e-01 5.001989278272470640e-01
7.685303670787431152e-01 5.199946194683767731e-01 5.022169772535921561e-01 4.718440371007151524e-01 5.207388039928649848e-01 5.119589164896963807e-01
8.595279550622535458e-01 5.259600233317467399e-01 5.090688023321793265e-01 4.592094845042343221e-01 5.316313724627556025e-01 4.941330950267651678e-01
3.282552338436058315e-01 5.006237699087142667e-01 4.852151534994103010e-01 5.274916043248616404e-01 4.843906297737410882e-01 5.060619926886091857e-01
6.546636148760939244e-01 5.179109443114219280e-01 5.048792177135168480e-01 4.877848818351566695e-01 5.043545193673253380e-01 5.045562764034506875e-01
4.326496858947743718e-01 4.966918267874230186e-01 4.861246414379864489e-01 5.169895706168670113e-01 4.927008699406457692e-01 5.098303726454052054e-01
3.404335814259191739e-01 5.035462987736203377e-01 4.949143065275997677e-01 5.298592708385978511e-01 4.804874431261396128e-01 5.175244191344615663e-01
4.744511029238191457e-01 5.032026746002625783e-01 5.048143273855054680e-01 5.142629422007456430e-01 4.817076766797860898e-01 5.031077937107137910e-01
6.521117344778493141e-01 5.119249784301393991e-01 5.061083054811011950e-01 4.823509533196041477e-01 5.096688584230963937e-01 5.042464859661148768e-01
5.319793381121040721e-01 5.117512355208916341e-01 4.942026113747551852e-01 5.027797702392876600e-01 5.034770389360465614e-01 4.971389772272298835e-01
4.544124991502188071e-01 4.939434650283617279e-01 4.971950797572364245e-01 5.116377858951016711e-01 4.833636121396211460e-01 5.092247949123467343e-01
2.678530800977861337e-01 4.998686409073954673e-01 4.942185023398705246e-01 5.390436650775075611e-01 4.719800190160917674e-01 5.106996693573410129e-01
4.468158336010950027e-01 4.901046393845857607e-01 4.903384760400965048e-01 5.087438994948273452e-01 4.880988194118939805e-01 5.206613737270704423e-01
8.873484307295297357e-01 5.372574404217885791e-01 5.050112381151822261e-01 4.591343432737156061e-01 5.265273094616649274e-01 4.941167654643037199e-01
6.351256351843221903e-01 5.171410096059299022e-01 5.017456004433208383e-01 5.002027176852809065e-01 4.998033476790377794e-01 5.228260630672788567e-01
